011011111111111111111111111011111111111001111111111111000110101111111010100111000110111111111111011111111111111011111111111111111111111111111111111111111111111111110111110110110111
111111111111111110111111111101111110111111111111111000001011111111111111101101111101111111101111111101111111111111010111111011111111111111101011111100101111111101111111111111111111
011111101111110111110111111110111101111101111110110000010111111111111111111111111111011110111111111111111110111111111111101111111111111111101111111111110011111111111111101011011111
110111111111011011011010111111111111101111110111000001011111011111111111111101101011111111111110111111111111111110111111111111111110111010010001111111111101111111100101111111110111
111111111111111001111111011111110101011111111000000111111111111111100000000000000000000000000000000000000000000000000000000000000000001000000001111111110011110001111111111111011011
111001111101111100111111111101111111111110110000011111100111111111000000000000000000000000000000000000000000000000000000000000000000000000001110110111111010111111101111101111111101
111111111110101100011111111101111110111111000000111111110101011111000111111110110011111111111111111011111110011111101111111010000000000011111110111111010111011110111111111110110111
101101111111111010011011100111111101111100000011110101111111111111100011111111010111111111111111111111111111111111111111000000000001111111111110110111111111011110111111111101011101
110011111110111111001111111110111011010000001111111110111111100111110001111111111111111111111011111111111111110101000000000000000001111110111111111111110111111101111100111111111111
111111111100011111100110110111111111000001111111101101111111001110101100011111111111111111110111111101001111100000000000000000001011111011111111110111111110111111111011101110111111
011111011000000001110010111111111100000111111111111111011110111111111110001111100101111111011111111110010000000000000000001111111011111111111101111011111111110111111110111111111111
110111110111000000000001111101111000011111111111111111111101111111101111000011111111111110111111111000000000000000001011011110111101111111111111101111111111111111110111111110101111
111111111111010100000000111111111001111111011111111111110011111111111111110001111111111111111100000000000000001111111111111111111011111111111111011111111111111000000011111101111011
011000000000011111110000000011011110111100000110111111111111100000000000000000000001111110000000000000000000011111110111111000011111111110000111010111111111100000000000111101100111
111000000000000011111110000000001010101100000010111011111111100000000000000000000001000000000000000000000000011111101111111000010111111100000011111110111111000000000000011111111111
111000000000000000111101001100000000111000000011011111111111100000000000000000000000000001101111110000000000011101111011111000011101011110000111110111111010000011111000001111111111
110000011111100000011111100111110000000000000011111111011111111111111100000000000000001111101111111111011000010111111111111000011111111110000111111111111010000111111100001111111111
111000011111111000001111110011111101000000000011111111111111110110111000000000010000111101110111111111111000001111111111110000011111111110000111110111111100000111111010000110111111
110000010111011100001111110001011100010000000000011110110101111100000000001011111100011111011111101111111000011101111111111000011111111110000101011111111100001111111110000111111111
111000011011011110000111001001101111100000100000000000111100000000000100001110011100001110111110111101111000011101110111111000011111111100000011111111011100000101111110000100000001
111000011111111110000001111100111111110000100000000000000000000011001100001111111111100001111110111111111000001011110111111000011111111110000110010111111000001101000000000000000011
111000011110011110000111011110011111100000100000100000000000011011011100001111111111100001011111111111111000011111011101111000010011011110000111111111110000000000000000000001111111
101000000111111011000011111111001111100001100000000000110000000010111100001101101101111000100101111111111000001101111111101000011110110110000100000000000000000000111010000011111011
110000011111111111000011110101100111100000000000011011111111000000001100001111011101100100001111110111111000011111111111101000011110000000000000000000001100000110011100001111111110
101000011111111101000010110100100000000000000000011011111111111100000000001111111110011100000111110111111000011111111111100000000000000000000001111101111011000011111000011111111101
111000011011110000000011111100000000000010111000011111111111110011110000000011111111011111000001011111111000011000000000000000000001111100000110111111111011100000000000111111111111
111000011110110000000000000000000000000011110000011111101111111111111100000000000111111011111000111110000000000000000000011000001111011110000111111111100111011000000011111101111111
011000011111111110000000000000000000000000000000001110111111111111111100001100000000111111000000000000000000000110111111110000011111111010000111111111111111000000000000010110111110
111000011001100000000001111111010000000000000000000000000111110111111100001111100000000000000000000001111000011111111111100000011111111110000111111111111110000010111000001111111101
111000010000000000000010111111111110000111110000000000000000000000000000000000000000000000000011100011110000011110111111111000001111111010000111111111111100001111111010000111111111
111000000000011111000011111111111110000111111100001111110000000000000000000000000000111100000000110001111000011011111111111000011111111110000111110111111100000111111110000111111111
000000001111110110000010111101010100000000000000000101000000000000000000000000000000000000000000000001111000011111111100111000010111111110000111110011111000011111011111000011011111
000000011111111111000011111110111100000000000000000111000000111111111100000111100000000000000000000000000000011101111101111000011110111110000101111111110000011111111111000010011111
111000011111111110000111111110111100000000000000000010111111111111101100001111111111111111110000000000000000000011101111111000011110000110000110011111110000011111111111000011111111
110000011111001110000111111111111000001100111110000011111101111111111100001101111101111111110001111001100000000011111111111000011111101110000111111111111000011111110111000001111111
111000011111111110000111111111111000011100001011000011111010011110111000001111011111111111011110101111111000000000001111111000011100110110000111111110111000010111111111000011111111
111000011011111100001111011111111000011110011111000011111111111111111100001111111111001111010001111110110000111100000000110100011111110110000000101111111000001101111110000011101111
101000011111111000000111111011110000011111001110000001111111111111111100001111111111111101110000111111110000111111100000000100001010011100001000000000111100001011111110000110111101
111000011111100000011111011101110000110111100110100001110111110111111100001111101111111111110000011101000000111101111110001100000111111000001111000000000000000011111000000111110101
101000000000000000111111111111100000101111010010000001111111111011101100001111111111101111110000000000000001111111111001111010000000000000001101110110000000000000000000000110111111
111000000000000001111111110101100000111011111001000000111011111111111100001011111111111111111000000000000011100111101111010101000000000000111111100111011110000000000000011011111111
111000000000011111011111011111100001111111111000110000111111111101011100000111110110111111111111000000001111111001101111001011111000000111111110111111010110100000000000000110111111
111111110011111111111111111111111111111111111100111111111111111111111111111011111111101111101011111111111111101111111111011111111111111111011111111111111111011011101000000000001111
111110111111110110111101110101110111011101111000011111111111111111111111111011111111110110111111111111110111011111111111111111111111111110110101111011111011111111111111111000000001
011111111101111111111110111111111111110110110101011111111111101111110111110110101111111111111011011111111111111111111111101111000111111001111111111110111111110111111101111111110001
